52,6
52,5
52,4
52,3
52,2
52,1
52,0
51,3
51,2
51,1
51,0
50,3
50,2
50,1
50,0
49,3
49,2
49,1
49,0
46,11
46,10
46,9
46,8
46,7
46,6
14,5
14,4
48,3
48,2
48,1
48,0
47,3
47,2
47,1
47,0
46,5
46,4
46,3
46,2
46,1
46,0
45,3
45,2
45,1
45,0
44,5
44,4
44,3
44,2
44,1
44,0
43,5
43,4
43,3
43,2
43,1
43,0
42,6
42,5
42,4
42,3
42,2
42,1
42,0
41,6
41,5
41,4
41,3
41,2
41,1
41,0
40,6
40,5
40,4
40,3
40,2
40,1
40,0
0,447
0,446
0,445
0,444
39,6
39,5
39,4
39,3
39,2
39,1
39,0
0,443
0,442
0,441
0,440
38,6
38,5
38,4
38,3
38,2
38,1
38,0
0,439
0,438
0,437
37,6
37,5
37,4
37,3
37,2
37,1
37,0
0,436
0,435
0,434
0,433
0,432
0,431
36,5
36,4
36,3
36,2
36,1
36,0
35,5
35,4
35,3
35,2
35,1
35,0
0,415
0,414
0,413
34,5
34,4
34,3
34,2
0,412
34,1
34,0
0,411
0,410
0,409
33,5
33,4
33,3
33,2
0,408
33,1
33,0
0,407
0,406
0,405
0,404
0,403
0,402
